260
218
375
435
104
141
486
528
450
465
655
458
558
574
649
23
386
593
166
470
461
617
9
40
475
496
242
424
310
259
150
539
58
596
102
300
586
529
452
647
88
568
541
545
171
63
115
297
517
314
235
214
278
364
428
117
33
383
15
412
224
411
241
619
436
293
354
551
219
387
546
630
271
3
35
636
234
549
285
161
111
463
536
493
264
433
277
41
519
305
608
332
274
588
217
637
151
344
38
187
421
144
6
622
527
535
69
511
453
576
626
66
379
92
26
32
658
335
27
168
253
572
225
449
613
72
43
71
85
522
90
331
561
175
401
287
457
255
355
591
510
105
190
610
47
228
376
270
74
18
126
208
559
390
56
537
54
646
466
48
400
113
333
68
515
589
75
272
252
417
479
505
131
89
500
656
307
382
518
553
503
212
61
476
77
627
199
107
472
112
643
583
143
292
155
611
82
59
483
633
109
135
432
638
378
67
391
114
512
442
654
564
147
128
491
308
621
19
538
579
216
446
533
237
455
106
226
7
508
267
642
599
76
153
405
261
140
275
480
534
445
416
652
346
324
238
585
306
575
497
4
431
604
598
509
334
385
477
601
137
248
231
193
167
542
634
129
28
283
279
395
340
414
98
603
521
392
640
590
620
227
396
402
215
552
569
415
186
194
523
592
240
338
319
607
284
159
419
343
427
555
100
481
196
110
594
157
369
577
52
8
597
30
64
413
516
448
205
600
540
425
169
203
410
243
635
587
352